87,1,0.214207,0.0224483,0.0800229,0.0144598,19.951
87,2,0.189747,0.016862,0.074046,0.0132759,17.818
87,3,0.194954,0.0168506,0.0752529,0.0168161,18.288
87,4,0.192667,0.0170804,0.0754023,0.0135057,18.026
87,5,0.191563,0.0167011,0.0749655,0.0134368,17.921
87,6,0.19454,0.016862,0.0737241,0.0164368,18.188
87,7,0.193012,0.0168276,0.076023,0.0134828,18.04
87,8,0.194138,0.0167471,0.0741264,0.0135632,18.215
87,9,0.192414,0.0167701,0.0752988,0.0139655,17.998
87,10,0.199092,0.0166666,0.0726551,0.0133333,18.571
87,11,0.226334,0.04823,0.074908,0.0137126,21.072
87,12,0.189402,0.0166781,0.0737701,0.0134023,17.717
87,13,0.189012,0.0166552,0.0737816,0.0136552,17.723
87,14,0.194506,0.0166666,0.0747012,0.0133103,18.243
87,15,0.206264,0.017931,0.0824943,0.0144253,19.254
